intrinsics = dict(
    fx = 732.277771,
    fy = 732.277771,
    cx = 614.49353027,
    cy = 352.48422241,
) 

# camera in the gripper frame 
import numpy as np 
# g_T_c = np.array([
#     [0.0,        0.96351791,  0.26764386, -0.07777719],
#     [1.0,        0.0,         0.0,         0.0],
#     [0.0,        0.26764386, -0.96351791,  0.16], 
#     [0.0,        0.0,         0.0,         1.0],
# ])
# g_T_c = np.array([
#     [ 0.02946096,  0.96602136,  0.25677771, -0.02588738],
#     [-0.9994151,   0.03293049, -0.00922131,  0.0238128 ],
#     [-0.0173638,  -0.25635585,  0.9664265,   0.02904815],
#     [ 0.,          0.,          0.,          1.,        ],
# ]
# )

# e_T_c = np.array([
#     [0.99318658, 0.09402067, -0.06885152, -0.35197843],
#     [-0.09231118, 0.99534734, 0.02761012, 0.27337403],
#     [0.07112710, -0.02106624, 0.99724478, -0.35438996],
#     [0.00000000, 0.00000000, 0.00000000, 1.00000000],
# ])
# e_T_c = np.array([
#     [ 0.0,         0.9662,  0.2565, -0.02588738],
#     [-1.0,         0.0,     0.0,     0.0238128 ],
#     [ 0.0,        -0.2565,  0.9662,  0.02904815],
#     [ 0.0,         0.0,     0.0,     1.0       ]
# ])

_e_T_c_raw = np.array([
    [-0.00168500, 0.97477277, 0.22319323, -0.06595758],
    [-0.99991566, 0.00123179, -0.01292859, 0.02716631],
    [-0.01287736, -0.22319619, 0.97468848, 0.01629017],
    [0.00000000, 0.00000000, 0.00000000, 1.00000000],
])
_e_t_c_new = np.array([
    [-0.01677759, 0.99916572, 0.03723416, -0.07139512],
    [-0.99984655, -0.01657807, -0.00566078, 0.03288068],
    [-0.00503879, -0.03732342, 0.99929053, 0.00729391],
    [0.00000000, 0.00000000, 0.00000000, 1.00000000],
])

# e_T_c = np.array([
#     [-0.03862730, 0.93444503, 0.35400624, -0.06328315],
#     [-0.99909104, -0.02972447, -0.03055400, 0.04041331],
#     [-0.01802838, -0.35486468, 0.93474384, 0.02373352],
#     [0.00000000, 0.00000000, 0.00000000, 1.00000000],
# ])

e_T_c = np.array([
    [-0.04530642, 0.93352235, 0.35564497, -0.04881182],
    [-0.99895582, -0.04024085, -0.02163219, 0.05729848],
    [-0.00588267, -0.35625369, 0.93437075, 0.05056935],
    [0.00000000, 0.00000000, 0.00000000, 1.00000000],
])

# EEF frame x,y sign correction: pre-multiply by R_z_180
# _R_z_180 = np.array([[-1.,0.,0.,0.],[0.,-1.,0.,0.],[0.,0.,1.,0.],[0.,0.,0.,1.]])
# e_T_c = _R_z_180 @ _e_T_c_raw
# e_T_c = _R_z_180 @ _e_t_c_new
# e_T_c = _e_t_c_new

# # e_T_c_R = e_T_c[:3, :3]
# # R_z_180 = np.array([
# #     [-1., 0., 0.],
# #     [0., -1., 0.],
# #     [0., 0., 1.]
# ])
# e_T_c_R = e_T_c_R @ R_z_180
# e_T_c[:3, :3] = e_T_c_R

# what we want: 
# target gripper pose g* in the current gripper frame g
# g_T_g*

# gripper in the camera frame 
# T_final = np.array([ [0.0, 1.0, 0.0, 0.0], 
# [0.96351791, 0.0, 0.26764386, 0.03438079], 
# [0.26764386, 0.0, -0.96351791, 0.16574512], 
# [0.0, 0.0, 0.0, 1.0], ])

gprime_T_g = np.array([
    [1.0, 0.0, 0.0, 0.0],
    [0.0, 1.0, 0.0, -0.035],
    [0.0, 0.0, 1.0, 0.0],
    [0.0, 0.0, 0.0, 1.0],
])